0.359375
[array([[ 0.19366866, -0.04680541, -0.05027983, -0.05190693, -0.04467649],
       [-0.04680541,  0.16783632, -0.03411075, -0.04972641, -0.03719375],
       [-0.05027983, -0.03411075,  0.11615394, -0.01319775, -0.0185656 ],
       [-0.05190693, -0.04972641, -0.01319775,  0.15544952, -0.04061843],
       [-0.04467649, -0.03719375, -0.0185656 , -0.04061843,  0.14105427]])])

Process finished with exit code 0

0.359375
[array([[ 0.19366866, -0.04680541, -0.05027983, -0.05190693, -0.04467649],
       [-0.04680541,  0.16783632, -0.03411075, -0.04972641, -0.03719375],
       [-0.05027983, -0.03411075,  0.11615394, -0.01319775, -0.0185656 ],
       [-0.05190693, -0.04972641, -0.01319775,  0.15544952, -0.04061843],
       [-0.04467649, -0.03719375, -0.0185656 , -0.04061843,  0.14105427]])]

Process finished with exit code 0

